{
 "cells": [
  {
   "cell_type": "code",
   "execution_count": 1,
   "metadata": {
    "collapsed": true
   },
   "outputs": [
    {
     "name": "stdout",
     "output_type": "stream",
     "text": [
      "[0, 1, 2, 3, 4, 5, 6, 7, 8, 9]\n",
      "# nodes:  342\n",
      "[(1, 385), (1, 426), (2, 308), (2, 319), (3, 124), (4, 129), (4, 362), (4, 46), (4, 158), (5, 244)]\n",
      "# edges:  281\n",
      "(1, 242, 0.043)\n",
      "(1, 236, 0.247)\n",
      "(2, 129, 0.027)\n",
      "(2, 50, 0.482)\n",
      "(2, 37, 0.146)\n",
      "(3, 222, 0.045)\n",
      "(5, 113, 0.395)\n",
      "(5, 138, 0.104)\n",
      "(5, 185, 0.427)\n",
      "(6, 277, 0.441)\n",
      "(7, 160, 0.189)\n",
      "(8, 272, 0.078)\n",
      "(8, 202, 0.259)\n",
      "(8, 166, 0.281)\n",
      "(9, 192, 0.031)\n",
      "(11, 23, 0.415)\n",
      "(11, 13, 0.440)\n",
      "(13, 11, 0.440)\n",
      "(15, 280, 0.460)\n",
      "(17, 25, 0.464)\n",
      "(18, 259, 0.342)\n",
      "(18, 239, 0.146)\n",
      "(22, 246, 0.060)\n",
      "(23, 11, 0.415)\n",
      "(25, 17, 0.464)\n",
      "(25, 83, 0.412)\n",
      "(25, 205, 0.022)\n",
      "(26, 217, 0.105)\n",
      "(26, 180, 0.480)\n",
      "(27, 129, 0.478)\n",
      "(27, 46, 0.215)\n",
      "(28, 186, 0.003)\n",
      "(28, 63, 0.365)\n",
      "(29, 227, 0.267)\n",
      "(29, 260, 0.352)\n",
      "(30, 240, 0.246)\n",
      "(33, 251, 0.087)\n",
      "(33, 79, 0.195)\n",
      "(34, 106, 0.400)\n",
      "(34, 75, 0.233)\n",
      "(35, 212, 0.163)\n",
      "(36, 167, 0.413)\n",
      "(37, 2, 0.146)\n",
      "(38, 124, 0.141)\n",
      "(38, 93, 0.418)\n",
      "(41, 216, 0.155)\n",
      "(41, 276, 0.010)\n",
      "(42, 50, 0.457)\n",
      "(42, 182, 0.419)\n",
      "(43, 182, 0.061)\n",
      "(46, 27, 0.215)\n",
      "(49, 141, 0.221)\n",
      "(50, 2, 0.482)\n",
      "(50, 42, 0.457)\n",
      "(51, 164, 0.000)\n",
      "(52, 233, 0.425)\n",
      "(53, 219, 0.006)\n",
      "(53, 76, 0.460)\n",
      "(54, 136, 0.074)\n",
      "(54, 177, 0.267)\n",
      "(54, 116, 0.204)\n",
      "(54, 229, 0.177)\n",
      "(56, 80, 0.168)\n",
      "(56, 221, 0.044)\n",
      "(56, 279, 0.245)\n",
      "(57, 203, 0.085)\n",
      "(57, 111, 0.338)\n",
      "(61, 74, 0.255)\n",
      "(61, 155, 0.330)\n",
      "(61, 133, 0.468)\n",
      "(63, 72, 0.243)\n",
      "(63, 28, 0.365)\n",
      "(66, 278, 0.271)\n",
      "(66, 99, 0.137)\n",
      "(66, 221, 0.454)\n",
      "(67, 236, 0.210)\n",
      "(67, 229, 0.168)\n",
      "(69, 135, 0.350)\n",
      "(69, 234, 0.039)\n",
      "(69, 112, 0.200)\n",
      "(69, 182, 0.104)\n",
      "(69, 122, 0.312)\n",
      "(70, 131, 0.327)\n",
      "(70, 211, 0.496)\n",
      "(71, 145, 0.356)\n",
      "(72, 63, 0.243)\n",
      "(72, 76, 0.193)\n",
      "(72, 158, 0.217)\n",
      "(74, 242, 0.150)\n",
      "(74, 61, 0.255)\n",
      "(74, 111, 0.038)\n",
      "(75, 34, 0.233)\n",
      "(75, 77, 0.070)\n",
      "(76, 72, 0.193)\n",
      "(76, 53, 0.460)\n",
      "(77, 75, 0.070)\n",
      "(79, 33, 0.195)\n",
      "(80, 56, 0.168)\n",
      "(81, 229, 0.290)\n",
      "(83, 25, 0.412)\n",
      "(84, 137, 0.015)\n",
      "(87, 107, 0.387)\n",
      "(88, 170, 0.349)\n",
      "(89, 112, 0.248)\n",
      "(89, 120, 0.092)\n",
      "(93, 38, 0.418)\n",
      "(93, 142, 0.167)\n",
      "(94, 112, 0.016)\n",
      "(94, 147, 0.376)\n",
      "(95, 124, 0.341)\n",
      "(99, 66, 0.137)\n",
      "(99, 179, 0.251)\n",
      "(103, 151, 0.018)\n",
      "(104, 210, 0.014)\n",
      "(105, 274, 0.182)\n",
      "(105, 187, 0.486)\n",
      "(105, 150, 0.187)\n",
      "(105, 215, 0.300)\n",
      "(106, 34, 0.400)\n",
      "(107, 87, 0.387)\n",
      "(108, 177, 0.180)\n",
      "(109, 155, 0.235)\n",
      "(109, 124, 0.120)\n",
      "(110, 199, 0.295)\n",
      "(111, 57, 0.338)\n",
      "(111, 74, 0.038)\n",
      "(111, 137, 0.051)\n",
      "(112, 89, 0.248)\n",
      "(112, 69, 0.200)\n",
      "(112, 94, 0.016)\n",
      "(113, 5, 0.395)\n",
      "(115, 237, 0.353)\n",
      "(116, 54, 0.204)\n",
      "(118, 183, 0.216)\n",
      "(120, 136, 0.195)\n",
      "(120, 89, 0.092)\n",
      "(122, 69, 0.312)\n",
      "(122, 278, 0.123)\n",
      "(122, 181, 0.356)\n",
      "(124, 109, 0.120)\n",
      "(124, 38, 0.141)\n",
      "(124, 95, 0.341)\n",
      "(128, 147, 0.088)\n",
      "(129, 257, 0.068)\n",
      "(129, 2, 0.027)\n",
      "(129, 27, 0.478)\n",
      "(130, 240, 0.398)\n",
      "(130, 182, 0.464)\n",
      "(131, 140, 0.357)\n",
      "(131, 70, 0.327)\n",
      "(132, 218, 0.499)\n",
      "(132, 276, 0.060)\n",
      "(133, 61, 0.468)\n",
      "(133, 246, 0.452)\n",
      "(134, 138, 0.431)\n",
      "(135, 69, 0.350)\n",
      "(136, 120, 0.195)\n",
      "(136, 200, 0.159)\n",
      "(136, 54, 0.074)\n",
      "(137, 111, 0.051)\n",
      "(137, 84, 0.015)\n",
      "(138, 5, 0.104)\n",
      "(138, 134, 0.431)\n",
      "(140, 131, 0.357)\n",
      "(141, 193, 0.014)\n",
      "(141, 144, 0.393)\n",
      "(141, 49, 0.221)\n",
      "(142, 93, 0.167)\n",
      "(144, 266, 0.112)\n",
      "(144, 141, 0.393)\n",
      "(145, 71, 0.356)\n",
      "(147, 128, 0.088)\n",
      "(147, 94, 0.376)\n",
      "(150, 105, 0.187)\n",
      "(151, 103, 0.018)\n",
      "(155, 109, 0.235)\n",
      "(155, 61, 0.330)\n",
      "(157, 181, 0.266)\n",
      "(158, 72, 0.217)\n",
      "(159, 235, 0.293)\n",
      "(160, 7, 0.189)\n",
      "(161, 173, 0.296)\n",
      "(162, 226, 0.082)\n",
      "(163, 168, 0.112)\n",
      "(164, 51, 0.000)\n",
      "(165, 213, 0.394)\n",
      "(166, 8, 0.281)\n",
      "(167, 36, 0.413)\n",
      "(168, 163, 0.112)\n",
      "(170, 88, 0.349)\n",
      "(171, 237, 0.254)\n",
      "(172, 200, 0.209)\n",
      "(172, 217, 0.239)\n",
      "(173, 161, 0.296)\n",
      "(173, 244, 0.248)\n",
      "(173, 250, 0.140)\n",
      "(177, 108, 0.180)\n",
      "(177, 54, 0.267)\n",
      "(179, 99, 0.251)\n",
      "(179, 188, 0.269)\n",
      "(180, 26, 0.480)\n",
      "(181, 122, 0.356)\n",
      "(181, 157, 0.266)\n",
      "(182, 42, 0.419)\n",
      "(182, 130, 0.464)\n",
      "(182, 43, 0.061)\n",
      "(182, 69, 0.104)\n",
      "(183, 192, 0.493)\n",
      "(183, 118, 0.216)\n",
      "(185, 258, 0.019)\n",
      "(185, 5, 0.427)\n",
      "(186, 28, 0.003)\n",
      "(187, 222, 0.079)\n",
      "(187, 105, 0.486)\n",
      "(188, 179, 0.269)\n",
      "(192, 9, 0.031)\n",
      "(192, 183, 0.493)\n",
      "(193, 280, 0.061)\n",
      "(193, 141, 0.014)\n",
      "(194, 281, 0.156)\n",
      "(194, 263, 0.199)\n",
      "(195, 259, 0.316)\n",
      "(199, 110, 0.295)\n",
      "(200, 136, 0.159)\n",
      "(200, 172, 0.209)\n",
      "(202, 8, 0.259)\n",
      "(203, 57, 0.085)\n",
      "(205, 25, 0.022)\n",
      "(207, 233, 0.052)\n",
      "(207, 252, 0.409)\n",
      "(210, 104, 0.014)\n",
      "(211, 70, 0.496)\n",
      "(212, 35, 0.163)\n",
      "(213, 165, 0.394)\n",
      "(215, 105, 0.300)\n",
      "(216, 41, 0.155)\n",
      "(217, 218, 0.325)\n",
      "(217, 26, 0.105)\n",
      "(217, 172, 0.239)\n",
      "(218, 217, 0.325)\n",
      "(218, 132, 0.499)\n",
      "(219, 53, 0.006)\n",
      "(221, 56, 0.044)\n",
      "(221, 66, 0.454)\n",
      "(222, 272, 0.005)\n",
      "(222, 3, 0.045)\n",
      "(222, 187, 0.079)\n",
      "(224, 273, 0.475)\n",
      "(225, 252, 0.343)\n",
      "(226, 162, 0.082)\n",
      "(227, 29, 0.267)\n",
      "(229, 67, 0.168)\n",
      "(229, 54, 0.177)\n",
      "(229, 81, 0.290)\n",
      "(233, 52, 0.425)\n",
      "(233, 207, 0.052)\n",
      "(234, 69, 0.039)\n",
      "(235, 159, 0.293)\n",
      "(236, 1, 0.247)\n",
      "(236, 67, 0.210)\n",
      "(237, 115, 0.353)\n",
      "(237, 171, 0.254)\n",
      "(237, 247, 0.488)\n",
      "(239, 18, 0.146)\n",
      "(240, 130, 0.398)\n",
      "(240, 30, 0.246)\n",
      "(242, 1, 0.043)\n",
      "(242, 74, 0.150)\n",
      "(244, 173, 0.248)\n",
      "(246, 133, 0.452)\n",
      "(246, 22, 0.060)\n",
      "(247, 237, 0.488)\n",
      "(250, 173, 0.140)\n",
      "(251, 33, 0.087)\n",
      "(252, 225, 0.343)\n",
      "(252, 207, 0.409)\n",
      "(257, 129, 0.068)\n",
      "(258, 185, 0.019)\n",
      "(259, 18, 0.342)\n",
      "(259, 195, 0.316)\n",
      "(260, 29, 0.352)\n",
      "(263, 194, 0.199)\n",
      "(264, 279, 0.473)\n",
      "(266, 144, 0.112)\n",
      "(272, 8, 0.078)\n",
      "(272, 222, 0.005)\n",
      "(273, 224, 0.475)\n",
      "(274, 105, 0.182)\n",
      "(276, 41, 0.010)\n",
      "(276, 132, 0.060)\n",
      "(277, 6, 0.441)\n",
      "(278, 122, 0.123)\n",
      "(278, 66, 0.271)\n",
      "(279, 56, 0.245)\n",
      "(279, 264, 0.473)\n",
      "(280, 193, 0.061)\n",
      "(280, 15, 0.460)\n",
      "(281, 194, 0.156)\n"
     ]
    },
    {
     "ename": "KeyError",
     "evalue": "10",
     "output_type": "error",
     "traceback": [
      "\u001b[1;31m---------------------------------------------------------------------------\u001b[0m",
      "\u001b[1;31mKeyError\u001b[0m                                  Traceback (most recent call last)",
      "\u001b[1;32m<ipython-input-1-548405da6b06>\u001b[0m in \u001b[0;36m<module>\u001b[1;34m()\u001b[0m\n\u001b[0;32m     55\u001b[0m \u001b[1;31m# Clustering\u001b[0m\u001b[1;33m\u001b[0m\u001b[1;33m\u001b[0m\u001b[0m\n\u001b[0;32m     56\u001b[0m \u001b[0mclusters\u001b[0m \u001b[1;33m=\u001b[0m \u001b[0mnx\u001b[0m\u001b[1;33m.\u001b[0m\u001b[0mclustering\u001b[0m\u001b[1;33m(\u001b[0m\u001b[0mFG\u001b[0m\u001b[1;33m)\u001b[0m\u001b[1;33m\u001b[0m\u001b[0m\n\u001b[1;32m---> 57\u001b[1;33m \u001b[1;32mprint\u001b[0m \u001b[0mclusters\u001b[0m\u001b[1;33m[\u001b[0m\u001b[1;36m10\u001b[0m\u001b[1;33m]\u001b[0m\u001b[1;33m\u001b[0m\u001b[0m\n\u001b[0m",
      "\u001b[1;31mKeyError\u001b[0m: 10"
     ]
    }
   ],
   "source": [
    "import itertools\n",
    "import random\n",
    "\n",
    "import matplotlib.pyplot as plt\n",
    "import networkx as nx\n",
    "import numpy as np\n",
    "\n",
    "# Initialize graph\n",
    "G=nx.Graph()\n",
    "\n",
    "# Add nodes\n",
    "nodes = [i for i in range(50)]\n",
    "G.add_nodes_from(nodes)\n",
    "\n",
    "# Add edges\n",
    "n_edges = random.randint(200,400)\n",
    "edges = [(random.randint(0,499),random.randint(0,499)) for i in range(n_edges)]\n",
    "G.add_edges_from(edges)\n",
    "\n",
    "\n",
    "# nodes\n",
    "print G.nodes()[0:10]\n",
    "\n",
    "# number of nodes\n",
    "print \"# nodes: \", G.number_of_nodes()\n",
    "\n",
    "# edges\n",
    "print G.edges()[0:10]\n",
    "\n",
    "# number of edges\n",
    "print \"# edges: \",G.number_of_edges()\n",
    "\n",
    "\n",
    "# Graph with attributes\n",
    "\n",
    "FG=nx.Graph()\n",
    "\n",
    "edges = [(random.randint(0,n_edges-1),random.randint(0,n_edges-1), random.random()) for i in range(n_edges)]\n",
    "\n",
    "FG.add_weighted_edges_from(edges)\n",
    "\n",
    "for n,nbrs in FG.adjacency_iter():\n",
    "    for nbr,eattr in nbrs.items():\n",
    "        data=eattr['weight']\n",
    "        if data<0.5: print('(%d, %d, %.3f)' % (n,nbr,data))\n",
    "\n",
    "\n",
    "# Centrality metrics\n",
    "nx.connected_components(FG)\n",
    "nx.degree(FG)\n",
    "nx.closeness_centrality(FG)\n",
    "nx.betweenness_centrality(FG)\n",
    "nx.pagerank(FG, alpha=0.9)\n",
    "\n",
    "# Clustering\n",
    "clusters = nx.clustering(FG)\n",
    "print clusters[10]"
   ]
  },
  {
   "cell_type": "code",
   "execution_count": 4,
   "metadata": {
    "collapsed": true
   },
   "outputs": [],
   "source": [
    "# plot graph\n",
    "nx.draw_random(FG)\n",
    "plt.show()"
   ]
  },
  {
   "cell_type": "code",
   "execution_count": 5,
   "metadata": {
    "collapsed": false
   },
   "outputs": [],
   "source": [
    "# Finding Motifs\n",
    "target = nx.Graph()\n",
    "target.add_edge(1,2)\n",
    "target.add_edge(2,3)\n",
    "target.add_edge(2,4)\n",
    "target.add_edge(1,4)\n",
    "num = 0"
   ]
  },
  {
   "cell_type": "code",
   "execution_count": 6,
   "metadata": {
    "collapsed": true
   },
   "outputs": [],
   "source": [
    "# plot graph\n",
    "nx.draw_random(target)\n",
    "plt.show()"
   ]
  },
  {
   "cell_type": "code",
   "execution_count": 8,
   "metadata": {
    "collapsed": true
   },
   "outputs": [],
   "source": [
    "for sub_nodes in itertools.combinations(FG.nodes(),len(target.nodes())):\n",
    "    subg = FG.subgraph(sub_nodes)\n",
    "    if nx.is_connected(subg) and nx.is_isomorphic(subg, target):\n",
    "        print subg.edges()\n",
    "    if num > 100:\n",
    "        break\n",
    "    num += 1"
   ]
  }
 ],
 "metadata": {
  "kernelspec": {
   "display_name": "Python 2",
   "language": "python",
   "name": "python2"
  },
  "language_info": {
   "codemirror_mode": {
    "name": "ipython",
    "version": 2
   },
   "file_extension": ".py",
   "mimetype": "text/x-python",
   "name": "python",
   "nbconvert_exporter": "python",
   "pygments_lexer": "ipython2",
   "version": "2.7.9"
  }
 },
 "nbformat": 4,
 "nbformat_minor": 0
}
